15 15 1668529317
21 17 1668529317
37 18 1668529317
49 19 1668529317
112 20 1668529317
129 23 1668529317
132 24 1668529317
142 25 1668529317
15 14.9953 1668529347
21 17.1595 1668529347
37 17.8543 1668529347
49 19.0232 1668529347
112 20.2429 1668529347
129 22.8806 1668529347
132 23.8834 1668529347
142 25.1589 1668529347
15 14.9964 1668529377
21 17.0747 1668529377
37 17.833 1668529377
49 19.1659 1668529377
112 20.4045 1668529377
129 23.0814 1668529377
132 23.7335 1668529377
142 25.0524 1668529377
15 14.8063 1668529407
21 17.0177 1668529407
37 17.9093 1668529407
49 19.3574 1668529407
112 20.5188 1668529407
129 23.0902 1668529407
132 23.4906 1668529407
142 25.2389 1668529407
15 14.7984 1668529437
21 17.2097 1668529437
37 17.7568 1668529437
49 19.5516 1668529437
112 20.3267 1668529437
129 23.3051 1668529437
132 23.6644 1668529437
142 25.2046 1668529437
15 14.7227 1668529467
21 17.4389 1668529467
37 17.641 1668529467
49 19.3118 1668529467
112 20.3881 1668529467
129 23.5237 1668529467
132 23.8896 1668529467
142 25.0948 1668529467
15 14.6171 1668529497
21 17.3478 1668529497
37 17.4006 1668529497
49 19.2005 1668529497
112 20.5879 1668529497
129 23.3976 1668529497
132 23.9287 1668529497
142 24.9167 1668529497
15 14.7519 1668529527
21 17.3163 1668529527
37 17.2522 1668529527
49 19.4349 1668529527
112 20.4912 1668529527
129 23.6238 1668529527
132 24.0561 1668529527
142 24.9537 1668529527
15 14.5748 1668529557
21 17.3533 1668529557
37 17.0347 1668529557
49 19.2377 1668529557
112 20.6194 1668529557
129 23.5088 1668529557
132 23.9854 1668529557
142 25.1548 1668529557
15 14.6783 1668529587
21 17.2581 1668529587
37 17.2321 1668529587
49 19.1421 1668529587
112 20.3844 1668529587
129 23.5382 1668529587
132 24.1608 1668529587
142 25.2157 1668529587
15 14.5808 1668529617
21 17.1747 1668529617
37 17.4804 1668529617
49 18.9606 1668529617
112 20.5857 1668529617
129 23.5933 1668529617
132 24.4014 1668529617
142 25.4529 1668529617
15 14.7904 1668529647
21 17.169 1668529647
37 17.6205 1668529647
49 18.9626 1668529647
112 20.5009 1668529647
129 23.3723 1668529647
132 24.6333 1668529647
142 25.428 1668529647
15 14.9282 1668529677
21 17.2555 1668529677
37 17.5241 1668529677
49 18.7955 1668529677
112 20.63 1668529677
129 23.2879 1668529677
132 24.861 1668529677
142 25.5963 1668529677
15 14.809 1668529707
21 17.0301 1668529707
37 17.7225 1668529707
49 18.5949 1668529707
112 20.5499 1668529707
129 23.5172 1668529707
132 24.6778 1668529707
142 25.5673 1668529707
15 15.0332 1668529737
21 16.8637 1668529737
37 17.6404 1668529737
49 18.8172 1668529737
112 20.5437 1668529737
129 23.3569 1668529737
132 24.5925 1668529737
142 25.3795 1668529737
15 15.0196 1668529767
21 16.6202 1668529767
37 17.8059 1668529767
49 18.8747 1668529767
112 20.6477 1668529767
129 23.4883 1668529767
132 24.8142 1668529767
142 25.5256 1668529767
15 15.2236 1668529797
21 16.7267 1668529797
37 17.5939 1668529797
49 18.9074 1668529797
112 20.4566 1668529797
129 23.5685 1668529797
132 24.9824 1668529797
142 25.3379 1668529797
15 15.2335 1668529827
21 16.7764 1668529827
37 17.7063 1668529827
49 18.765 1668529827
112 20.3995 1668529827
129 23.6195 1668529827
132 25.2285 1668529827
142 25.2619 1668529827
15 15.222 1668529857
21 16.8356 1668529857
37 17.5136 1668529857
49 18.7575 1668529857
112 20.2019 1668529857
129 23.3935 1668529857
132 24.9814 1668529857
142 25.0403 1668529857
15 15.0583 1668529887
21 16.8846 1668529887
37 17.4092 1668529887
49 18.7308 1668529887
112 20.3267 1668529887
129 23.621 1668529887
132 25.1687 1668529887
142 24.8955 1668529887
15 14.959 1668529917
21 17.0036 1668529917
37 17.2994 1668529917
49 18.7965 1668529917
112 20.3041 1668529917
129 23.708 1668529917
132 24.9906 1668529917
142 24.9725 1668529917
15 15.0758 1668529947
21 17.1411 1668529947
37 17.0754 1668529947
49 18.8654 1668529947
112 20.4602 1668529947
129 23.9138 1668529947
132 24.8357 1668529947
142 25.087 1668529947
15 15.0872 1668529977
21 17.2359 1668529977
37 17.2423 1668529977
49 18.7605 1668529977
112 20.5951 1668529977
129 23.7141 1668529977
132 24.743 1668529977
142 25.2331 1668529977
15 14.8888 1668530007
21 17.2221 1668530007
37 17.1177 1668530007
49 18.8888 1668530007
112 20.5973 1668530007
129 23.8206 1668530007
132 24.6696 1668530007
142 25.3678 1668530007
15 15.0577 1668530037
21 17.1918 1668530037
37 17.0077 1668530037
49 18.9914 1668530037
112 20.7595 1668530037
129 23.5793 1668530037
132 24.7846 1668530037
142 25.2047 1668530037
15 15.1075 1668530067
21 17.3473 1668530067
37 16.833 1668530067
49 19.1428 1668530067
112 20.6421 1668530067
129 23.5959 1668530067
132 24.6428 1668530067
142 25.1437 1668530067
15 14.8581 1668530097
21 17.4914 1668530097
37 16.6527 1668530097
49 19.1877 1668530097
112 20.6633 1668530097
129 23.8294 1668530097
132 24.4835 1668530097
142 25.0541 1668530097
15 14.7155 1668530127
21 17.3207 1668530127
37 16.7381 1668530127
49 18.9619 1668530127
112 20.6296 1668530127
129 23.9451 1668530127
132 24.6276 1668530127
142 24.9171 1668530127
15 14.4985 1668530157
21 17.3436 1668530157
37 16.6153 1668530157
49 19.2053 1668530157
112 20.6219 1668530157
129 23.8149 1668530157
132 24.5848 1668530157
142 24.8566 1668530157
15 14.3635 1668530187
21 17.4781 1668530187
37 16.6519 1668530187
49 19.3005 1668530187
112 20.4557 1668530187
129 23.5865 1668530187
132 24.6108 1668530187
142 24.8383 1668530187
15 14.5713 1668530217
21 17.4427 1668530217
37 16.6355 1668530217
49 19.1364 1668530217
112 20.3107 1668530217
129 23.6078 1668530217
132 24.6558 1668530217
142 24.8323 1668530217
15 14.5042 1668530247
21 17.5715 1668530247
37 16.7112 1668530247
49 19.2557 1668530247
112 20.5141 1668530247
129 23.5756 1668530247
132 24.4884 1668530247
142 25.0108 1668530247
15 14.6994 1668530277
21 17.8045 1668530277
37 16.8358 1668530277
49 19.2747 1668530277
112 20.3264 1668530277
129 23.4679 1668530277
132 24.3511 1668530277
142 25.1217 1668530277
15 14.8962 1668530307
21 17.9651 1668530307
37 16.9023 1668530307
49 19.1227 1668530307
112 20.3634 1668530307
129 23.5165 1668530307
132 24.3777 1668530307
142 25.0446 1668530307
15 14.9231 1668530337
21 18.187 1668530337
37 16.7095 1668530337
49 19.2005 1668530337
112 20.4541 1668530337
129 23.5551 1668530337
132 24.2569 1668530337
142 25.2208 1668530337
15 14.8657 1668530367
21 18.1169 1668530367
37 16.8346 1668530367
49 19.3794 1668530367
112 20.2274 1668530367
129 23.4493 1668530367
132 24.3422 1668530367
142 25.1659 1668530367
15 15.068 1668530397
21 17.9598 1668530397
37 17.0337 1668530397
49 19.6033 1668530397
112 20.0001 1668530397
129 23.3493 1668530397
132 24.1593 1668530397
142 25.1371 1668530397
15 14.8299 1668530427
21 18.1677 1668530427
37 16.8764 1668530427
49 19.497 1668530427
112 20.0544 1668530427
129 23.1095 1668530427
132 24.1321 1668530427
142 25.2591 1668530427
15 14.871 1668530457
21 18.2629 1668530457
37 16.7446 1668530457
49 19.5831 1668530457
112 20.0967 1668530457
129 23.2729 1668530457
132 23.908 1668530457
142 25.0175 1668530457
15 14.9482 1668530487
21 18.0557 1668530487
37 16.9203 1668530487
49 19.7281 1668530487
112 20.039 1668530487
129 23.4177 1668530487
132 23.9989 1668530487
142 25.0329 1668530487
15 15.1322 1668530517
21 18.0158 1668530517
37 17.0807 1668530517
49 19.5553 1668530517
112 20.19 1668530517
129 23.2978 1668530517
132 24.1359 1668530517
142 24.9446 1668530517
15 15.3817 1668530547
21 17.9247 1668530547
37 16.9357 1668530547
49 19.5297 1668530547
112 20.4331 1668530547
129 23.467 1668530547
132 24.3519 1668530547
142 25.0689 1668530547
15 15.3978 1668530577
21 17.8105 1668530577
37 16.8211 1668530577
49 19.5081 1668530577
112 20.4695 1668530577
129 23.3541 1668530577
132 24.4194 1668530577
142 25.2838 1668530577
15 15.5026 1668530607
21 17.6883 1668530607
37 16.6146 1668530607
49 19.5293 1668530607
112 20.6526 1668530607
129 23.4363 1668530607
132 24.4787 1668530607
142 25.3272 1668530607
15 15.6665 1668530637
21 17.447 1668530637
37 16.7122 1668530637
49 19.7456 1668530637
112 20.8018 1668530637
129 23.6404 1668530637
132 24.5535 1668530637
142 25.4106 1668530637
15 15.5121 1668530667
21 17.4635 1668530667
37 16.8089 1668530667
49 19.9487 1668530667
112 20.6081 1668530667
129 23.7661 1668530667
132 24.7606 1668530667
142 25.2515 1668530667
15 15.353 1668530697
21 17.3391 1668530697
37 16.7015 1668530697
49 19.874 1668530697
112 20.7777 1668530697
129 23.9742 1668530697
132 24.9418 1668530697
142 25.3336 1668530697
15 15.2839 1668530727
21 17.1835 1668530727
37 16.6042 1668530727
49 19.6519 1668530727
112 20.8665 1668530727
129 24.0968 1668530727
132 24.7713 1668530727
142 25.4285 1668530727
15 15.2268 1668530757
21 17.2431 1668530757
37 16.3585 1668530757
49 19.6697 1668530757
112 20.7883 1668530757
129 24.1028 1668530757
132 24.6881 1668530757
142 25.6756 1668530757
15 15.3687 1668530787
21 17.0459 1668530787
37 16.2651 1668530787
49 19.4905 1668530787
112 20.6735 1668530787
129 23.8762 1668530787
132 24.8518 1668530787
142 25.8291 1668530787
15 15.2853 1668530817
21 17.2361 1668530817
37 16.3913 1668530817
49 19.597 1668530817
112 20.5906 1668530817
129 23.9338 1668530817
132 24.8052 1668530817
142 25.6608 1668530817
15 15.4539 1668530847
21 17.0516 1668530847
37 16.4389 1668530847
49 19.3696 1668530847
112 20.5464 1668530847
129 23.7059 1668530847
132 24.7144 1668530847
142 25.4687 1668530847
15 15.5087 1668530877
21 17.0876 1668530877
37 16.4291 1668530877
49 19.1204 1668530877
112 20.6271 1668530877
129 23.9251 1668530877
132 24.5401 1668530877
142 25.7032 1668530877
15 15.6889 1668530907
21 17.2379 1668530907
37 16.3905 1668530907
49 18.9656 1668530907
112 20.5686 1668530907
129 23.9035 1668530907
132 24.3341 1668530907
142 25.8955 1668530907
15 15.6796 1668530937
21 17.1494 1668530937
37 16.2657 1668530937
49 19.0874 1668530937
112 20.4162 1668530937
129 23.9133 1668530937
132 24.1472 1668530937
142 25.8774 1668530937
15 15.6488 1668530967
21 17.3046 1668530967
37 16.1941 1668530967
49 19.2771 1668530967
112 20.1957 1668530967
129 23.9215 1668530967
132 24.3426 1668530967
142 25.7287 1668530967
15 15.4426 1668530997
21 17.102 1668530997
37 16.0262 1668530997
49 19.3356 1668530997
112 20.1254 1668530997
129 23.943 1668530997
132 24.5206 1668530997
142 25.4992 1668530997
15 15.3228 1668531027
21 17.1822 1668531027
37 16.1944 1668531027
49 19.198 1668531027
112 20.3074 1668531027
129 24.17 1668531027
132 24.348 1668531027
142 25.5371 1668531027
15 15.5137 1668531057
21 17.3763 1668531057
37 16.2387 1668531057
49 19.3057 1668531057
112 20.4973 1668531057
129 24.1941 1668531057
132 24.4325 1668531057
142 25.7312 1668531057
15 15.3752 1668531087
21 17.1875 1668531087
37 16.2012 1668531087
49 19.552 1668531087
112 20.4159 1668531087
129 23.9526 1668531087
132 24.5597 1668531087
142 25.6635 1668531087
15 15.4401 1668531117
21 17.2874 1668531117
37 16.0636 1668531117
49 19.3239 1668531117
112 20.5927 1668531117
129 23.8905 1668531117
132 24.7038 1668531117
142 25.5711 1668531117
15 15.5439 1668531147
21 17.259 1668531147
37 16.2706 1668531147
49 19.5344 1668531147
112 20.3665 1668531147
129 24.1359 1668531147
132 24.8057 1668531147
142 25.6678 1668531147
15 15.5481 1668531177
21 17.3911 1668531177
37 16.4508 1668531177
49 19.3426 1668531177
112 20.3698 1668531177
129 24.1077 1668531177
132 24.9646 1668531177
142 25.7741 1668531177
15 15.3998 1668531207
21 17.364 1668531207
37 16.5728 1668531207
49 19.2597 1668531207
112 20.5436 1668531207
129 24.3304 1668531207
132 24.9849 1668531207
142 25.8772 1668531207
15 15.2055 1668531237
21 17.2973 1668531237
37 16.767 1668531237
49 19.3106 1668531237
112 20.419 1668531237
129 24.1832 1668531237
132 24.7487 1668531237
142 25.6975 1668531237
15 15.3085 1668531267
21 17.516 1668531267
37 16.7424 1668531267
49 19.1177 1668531267
112 20.5187 1668531267
129 24.2729 1668531267
132 24.7066 1668531267
142 25.5989 1668531267
15 15.263 1668531297
21 17.6455 1668531297
37 16.9521 1668531297
49 18.9692 1668531297
112 20.7208 1668531297
129 24.4674 1668531297
132 24.4914 1668531297
142 25.7516 1668531297
15 15.2952 1668531327
21 17.4373 1668531327
37 16.748 1668531327
49 18.8947 1668531327
112 20.7544 1668531327
129 24.2604 1668531327
132 24.3242 1668531327
142 25.8674 1668531327
15 15.5271 1668531357
21 17.6728 1668531357
37 16.5347 1668531357
49 18.7531 1668531357
112 20.5987 1668531357
129 24.4389 1668531357
132 24.0895 1668531357
142 26.0798 1668531357
15 15.6295 1668531387
21 17.7523 1668531387
37 16.7159 1668531387
49 18.6205 1668531387
112 20.4043 1668531387
129 24.3951 1668531387
132 24.278 1668531387
142 26.1633 1668531387
15 15.8567 1668531417
21 17.7732 1668531417
37 16.8578 1668531417
49 18.6021 1668531417
112 20.5872 1668531417
129 24.2425 1668531417
132 24.507 1668531417
142 26.2827 1668531417
15 15.8081 1668531447
21 17.6917 1668531447
37 16.7856 1668531447
49 18.3554 1668531447
112 20.4226 1668531447
129 24.0604 1668531447
132 24.6196 1668531447
142 26.3594 1668531447
15 15.9612 1668531477
21 17.6753 1668531477
37 16.6314 1668531477
49 18.3674 1668531477
112 20.2376 1668531477
129 23.9942 1668531477
132 24.4985 1668531477
142 26.4435 1668531477
15 15.729 1668531507
21 17.6374 1668531507
37 16.469 1668531507
49 18.1349 1668531507
112 20.1264 1668531507
129 23.9578 1668531507
132 24.2954 1668531507
142 26.2144 1668531507
15 15.7193 1668531537
21 17.8326 1668531537
37 16.452 1668531537
49 18.129 1668531537
112 19.9326 1668531537
129 23.7318 1668531537
132 24.35 1668531537
142 26.4014 1668531537
15 15.7114 1668531567
21 17.9351 1668531567
37 16.631 1668531567
49 18.0463 1668531567
112 20.0253 1668531567
129 23.6953 1668531567
132 24.2272 1668531567
142 26.5506 1668531567
15 15.8237 1668531597
21 17.8473 1668531597
37 16.6961 1668531597
49 18.1139 1668531597
112 20.0847 1668531597
129 23.6749 1668531597
132 24.1208 1668531597
142 26.6626 1668531597
15 15.6316 1668531627
21 17.7484 1668531627
37 16.6028 1668531627
49 17.9111 1668531627
112 20.1616 1668531627
129 23.8287 1668531627
132 23.931 1668531627
142 26.8214 1668531627
15 15.796 1668531657
21 17.7196 1668531657
37 16.7163 1668531657
49 18.0403 1668531657
112 20.1419 1668531657
129 23.9947 1668531657
132 23.7012 1668531657
142 27.0302 1668531657
15 15.806 1668531687
21 17.8272 1668531687
37 16.5835 1668531687
49 17.8042 1668531687
112 20.3806 1668531687
129 23.9136 1668531687
132 23.8751 1668531687
142 27.0858 1668531687
15 15.904 1668531717
21 17.9356 1668531717
37 16.5362 1668531717
49 17.5857 1668531717
112 20.6249 1668531717
129 24.0768 1668531717
132 24.0845 1668531717
142 26.9744 1668531717
15 15.8661 1668531747
21 17.9095 1668531747
37 16.3818 1668531747
49 17.6442 1668531747
112 20.8727 1668531747
129 24.0428 1668531747
132 23.9842 1668531747
142 26.9794 1668531747
15 15.7537 1668531777
21 17.8841 1668531777
37 16.2607 1668531777
49 17.8108 1668531777
112 20.973 1668531777
129 23.7972 1668531777
132 24.081 1668531777
142 26.9556 1668531777
15 15.7364 1668531807
21 18.0751 1668531807
37 16.1911 1668531807
49 17.842 1668531807
112 21.0088 1668531807
129 23.9958 1668531807
132 24.1536 1668531807
142 27.0825 1668531807
15 15.8129 1668531837
21 18.3089 1668531837
37 16.1886 1668531837
49 17.7461 1668531837
112 20.7738 1668531837
129 24.1164 1668531837
132 24.2867 1668531837
142 26.8576 1668531837
15 15.9351 1668531867
21 18.2148 1668531867
37 15.9896 1668531867
49 17.5001 1668531867
112 20.9148 1668531867
129 24.0457 1668531867
132 24.3447 1668531867
142 26.6558 1668531867
15 15.8657 1668531897
21 17.9823 1668531897
37 16.1322 1668531897
49 17.4791 1668531897
112 21.0045 1668531897
129 23.8309 1668531897
132 24.4492 1668531897
142 26.875 1668531897
15 15.783 1668531927
21 17.8795 1668531927
37 16.2983 1668531927
49 17.4073 1668531927
112 20.9048 1668531927
129 23.621 1668531927
132 24.2894 1668531927
142 27.0287 1668531927
15 15.8819 1668531957
21 18.0031 1668531957
37 16.2203 1668531957
49 17.4599 1668531957
112 20.713 1668531957
129 23.6081 1668531957
132 24.4568 1668531957
142 27.1426 1668531957
15 15.7211 1668531987
21 18.1183 1668531987
37 16.426 1668531987
49 17.5796 1668531987
112 20.8227 1668531987
129 23.4358 1668531987
132 24.5396 1668531987
142 26.9931 1668531987
15 15.5273 1668532017
21 18.098 1668532017
37 16.4782 1668532017
49 17.3674 1668532017
112 20.6177 1668532017
129 23.4634 1668532017
132 24.5077 1668532017
142 27.0879 1668532017
15 15.2959 1668532047
21 18.0143 1668532047
37 16.4747 1668532047
49 17.3499 1668532047
112 20.5126 1668532047
129 23.3601 1668532047
132 24.5535 1668532047
142 26.8706 1668532047
15 15.5247 1668532077
21 18.0269 1668532077
37 16.2492 1668532077
49 17.2642 1668532077
112 20.4046 1668532077
129 23.1266 1668532077
132 24.5993 1668532077
142 26.9241 1668532077
15 15.4899 1668532107
21 17.9739 1668532107
37 16.2731 1668532107
49 17.5138 1668532107
112 20.5687 1668532107
129 23.2105 1668532107
132 24.7167 1668532107
142 26.9882 1668532107
15 15.318 1668532137
21 18.1654 1668532137
37 16.042 1668532137
49 17.3892 1668532137
112 20.5536 1668532137
129 23.2765 1668532137
132 24.8086 1668532137
142 26.8985 1668532137
15 15.4345 1668532167
21 17.9223 1668532167
37 16.05 1668532167
49 17.2939 1668532167
112 20.6885 1668532167
129 23.304 1668532167
132 24.6573 1668532167
142 27.1136 1668532167
15 15.4773 1668532197
21 18.0603 1668532197
37 16.1574 1668532197
49 17.3236 1668532197
112 20.8241 1668532197
129 23.411 1668532197
132 24.4176 1668532197
142 27.3472 1668532197
15 15.6567 1668532227
21 17.9075 1668532227
37 16.0559 1668532227
49 17.3864 1668532227
112 20.8795 1668532227
129 23.5271 1668532227
132 24.4149 1668532227
142 27.4686 1668532227
15 15.5224 1668532257
21 17.7269 1668532257
37 15.9653 1668532257
49 17.3886 1668532257
112 21.0822 1668532257
129 23.6515 1668532257
132 24.269 1668532257
142 27.3024 1668532257
15 15.3762 1668532287
21 17.7099 1668532287
37 15.9821 1668532287
49 17.6098 1668532287
112 20.945 1668532287
129 23.8323 1668532287
132 24.4862 1668532287
142 27.254 1668532287
