15 15 1671052567
21 17 1671052567
37 18 1671052567
49 19 1671052567
112 20 1671052567
129 23 1671052567
132 24 1671052567
142 25 1671052567
15 14.958 1671052597
21 17.104 1671052597
37 18.2371 1671052597
49 19.2065 1671052597
112 19.7749 1671052597
129 23.0715 1671052597
132 24.0589 1671052597
142 24.8097 1671052597
15 15.1738 1671052627
21 16.8943 1671052627
37 18.2238 1671052627
49 19.0224 1671052627
112 19.5866 1671052627
129 23.2197 1671052627
132 23.867 1671052627
142 24.8486 1671052627
15 15.2853 1671052657
21 17.0356 1671052657
37 18.1497 1671052657
49 19.2018 1671052657
112 19.7021 1671052657
129 23.1788 1671052657
132 23.6424 1671052657
142 24.9305 1671052657
15 15.1658 1671052687
21 16.9813 1671052687
37 17.9986 1671052687
49 19.3903 1671052687
112 19.5651 1671052687
129 23.0419 1671052687
132 23.7828 1671052687
142 24.8707 1671052687
15 15.3018 1671052717
21 16.7641 1671052717
37 18.0752 1671052717
49 19.4064 1671052717
112 19.811 1671052717
129 23.1133 1671052717
132 23.9193 1671052717
142 25.0127 1671052717
15 15.2528 1671052747
21 16.9003 1671052747
37 18.1624 1671052747
49 19.5879 1671052747
112 19.7784 1671052747
129 23.2973 1671052747
132 24.0834 1671052747
142 25.1087 1671052747
15 15.3697 1671052777
21 17.0859 1671052777
37 18.289 1671052777
49 19.4093 1671052777
112 19.7211 1671052777
129 23.5434 1671052777
132 24.168 1671052777
142 25.0445 1671052777
15 15.4916 1671052807
21 16.8459 1671052807
37 18.4782 1671052807
49 19.5544 1671052807
112 19.5422 1671052807
129 23.735 1671052807
132 24.0964 1671052807
142 24.9233 1671052807
15 15.3911 1671052837
21 16.6497 1671052837
37 18.5621 1671052837
49 19.4495 1671052837
112 19.538 1671052837
129 23.9041 1671052837
132 24.269 1671052837
142 24.9721 1671052837
15 15.509 1671052867
21 16.8635 1671052867
37 18.5202 1671052867
49 19.2195 1671052867
112 19.3071 1671052867
129 23.6624 1671052867
132 24.0272 1671052867
142 25.1262 1671052867
15 15.6999 1671052897
21 16.9219 1671052897
37 18.6526 1671052897
49 19.3587 1671052897
112 19.1031 1671052897
129 23.6579 1671052897
132 24.1197 1671052897
142 24.9946 1671052897
15 15.5122 1671052927
21 16.8934 1671052927
37 18.565 1671052927
49 19.4056 1671052927
112 18.944 1671052927
129 23.5792 1671052927
132 24.0706 1671052927
142 25.2337 1671052927
15 15.6535 1671052957
21 16.8485 1671052957
37 18.7463 1671052957
49 19.3116 1671052957
112 19.182 1671052957
129 23.6301 1671052957
132 24.0025 1671052957
142 25.1661 1671052957
15 15.4427 1671052987
21 16.7324 1671052987
37 18.7903 1671052987
49 19.2928 1671052987
112 18.9515 1671052987
129 23.382 1671052987
132 23.9386 1671052987
142 25.2948 1671052987
15 15.4298 1671053017
21 16.9593 1671053017
37 18.8815 1671053017
49 19.4896 1671053017
112 18.8844 1671053017
129 23.3552 1671053017
132 23.9771 1671053017
142 25.2028 1671053017
15 15.6785 1671053047
21 16.8021 1671053047
37 18.8545 1671053047
49 19.5228 1671053047
112 18.6864 1671053047
129 23.4973 1671053047
132 24.076 1671053047
142 25.1934 1671053047
15 15.6519 1671053077
21 17.0118 1671053077
37 18.7795 1671053077
49 19.7659 1671053077
112 18.5351 1671053077
129 23.2794 1671053077
132 24.082 1671053077
142 24.9539 1671053077
15 15.4315 1671053107
21 17.0855 1671053107
37 18.9466 1671053107
49 19.6461 1671053107
112 18.7664 1671053107
129 23.3388 1671053107
132 24.1685 1671053107
142 25.0106 1671053107
15 15.3226 1671053137
21 16.864 1671053137
37 19.1543 1671053137
49 19.7755 1671053137
112 18.8904 1671053137
129 23.3256 1671053137
132 24.0826 1671053137
142 24.8161 1671053137
15 15.4749 1671053167
21 16.8188 1671053167
37 19.17 1671053167
49 19.9964 1671053167
112 19.0985 1671053167
129 23.2675 1671053167
132 24.1298 1671053167
142 24.9794 1671053167
15 15.6669 1671053197
21 16.6188 1671053197
37 18.9642 1671053197
49 20.2369 1671053197
112 19.0206 1671053197
129 23.2363 1671053197
132 24.2135 1671053197
142 24.9344 1671053197
15 15.5708 1671053227
21 16.4937 1671053227
37 19.1386 1671053227
49 20.2046 1671053227
112 19.0331 1671053227
129 23.2702 1671053227
132 24.0855 1671053227
142 24.7503 1671053227
15 15.3424 1671053257
21 16.6769 1671053257
37 19.2148 1671053257
49 20.146 1671053257
112 18.8554 1671053257
129 23.2719 1671053257
132 24.3161 1671053257
142 24.8521 1671053257
15 15.4614 1671053287
21 16.4521 1671053287
37 19.4373 1671053287
49 19.9431 1671053287
112 18.9485 1671053287
129 23.3571 1671053287
132 24.4548 1671053287
142 24.6328 1671053287
15 15.5898 1671053317
21 16.6827 1671053317
37 19.318 1671053317
49 19.9662 1671053317
112 18.814 1671053317
129 23.2488 1671053317
132 24.4838 1671053317
142 24.8347 1671053317
15 15.5206 1671053347
21 16.8264 1671053347
37 19.1155 1671053347
49 20.122 1671053347
112 18.6194 1671053347
129 23.2119 1671053347
132 24.5619 1671053347
142 24.6662 1671053347
15 15.7635 1671053377
21 16.9477 1671053377
37 19.1544 1671053377
49 20.1946 1671053377
112 18.618 1671053377
129 23.0661 1671053377
132 24.7803 1671053377
142 24.9122 1671053377
15 15.6542 1671053407
21 16.7996 1671053407
37 19.1527 1671053407
49 20.1349 1671053407
112 18.5231 1671053407
129 22.9168 1671053407
132 24.7922 1671053407
142 24.8139 1671053407
15 15.7884 1671053437
21 16.7815 1671053437
37 19.3817 1671053437
49 20.1849 1671053437
112 18.3105 1671053437
129 22.7758 1671053437
132 24.8069 1671053437
142 24.7512 1671053437
15 15.7737 1671053467
21 16.6349 1671053467
37 19.3569 1671053467
49 20.3835 1671053467
112 18.2896 1671053467
129 22.6065 1671053467
132 24.639 1671053467
142 24.7703 1671053467
15 15.9596 1671053497
21 16.7587 1671053497
37 19.1774 1671053497
49 20.3651 1671053497
112 18.1818 1671053497
129 22.4145 1671053497
132 24.8476 1671053497
142 24.78 1671053497
15 16.1587 1671053527
21 16.6449 1671053527
37 19.4207 1671053527
49 20.1877 1671053527
112 18.3016 1671053527
129 22.1922 1671053527
132 25.0703 1671053527
142 24.8065 1671053527
15 16.1102 1671053557
21 16.7973 1671053557
37 19.4968 1671053557
49 19.9884 1671053557
112 18.2261 1671053557
129 22.2229 1671053557
132 25.0337 1671053557
142 24.5627 1671053557
15 16.2579 1671053587
21 16.7445 1671053587
37 19.3868 1671053587
49 19.8164 1671053587
112 18.0014 1671053587
129 22.3324 1671053587
132 24.9745 1671053587
142 24.7757 1671053587
15 16.037 1671053617
21 16.5238 1671053617
37 19.5732 1671053617
49 19.8133 1671053617
112 17.9303 1671053617
129 22.541 1671053617
132 24.9197 1671053617
142 24.7285 1671053617
15 15.9706 1671053647
21 16.4537 1671053647
37 19.5374 1671053647
49 19.7552 1671053647
112 17.762 1671053647
129 22.61 1671053647
132 25.0302 1671053647
142 24.8397 1671053647
15 16.188 1671053677
21 16.2446 1671053677
37 19.7804 1671053677
49 19.6088 1671053677
112 17.623 1671053677
129 22.5748 1671053677
132 25.0755 1671053677
142 24.8348 1671053677
15 16.1875 1671053707
21 16.1893 1671053707
37 19.7461 1671053707
49 19.4531 1671053707
112 17.7313 1671053707
129 22.4128 1671053707
132 25.1722 1671053707
142 24.6672 1671053707
15 15.9777 1671053737
21 15.9435 1671053737
37 19.6243 1671053737
49 19.6389 1671053737
112 17.7845 1671053737
129 22.3947 1671053737
132 25.2527 1671053737
142 24.8532 1671053737
15 15.8561 1671053767
21 15.9057 1671053767
37 19.5977 1671053767
49 19.6726 1671053767
112 17.8589 1671053767
129 22.2987 1671053767
132 25.4114 1671053767
142 24.7997 1671053767
15 15.7104 1671053797
21 16.0727 1671053797
37 19.5225 1671053797
49 19.7799 1671053797
112 17.6476 1671053797
129 22.4302 1671053797
132 25.3925 1671053797
142 25.0383 1671053797
15 15.5777 1671053827
21 16.1225 1671053827
37 19.6025 1671053827
49 19.6925 1671053827
112 17.8648 1671053827
129 22.6614 1671053827
132 25.5978 1671053827
142 25.0699 1671053827
15 15.4539 1671053857
21 15.9997 1671053857
37 19.6759 1671053857
49 19.6825 1671053857
112 18.0931 1671053857
129 22.8908 1671053857
132 25.6978 1671053857
142 25.2542 1671053857
15 15.2283 1671053887
21 16.0911 1671053887
37 19.6006 1671053887
49 19.4963 1671053887
112 18.2121 1671053887
129 22.7992 1671053887
132 25.7963 1671053887
142 25.3987 1671053887
15 15.3217 1671053917
21 16.3242 1671053917
37 19.7336 1671053917
49 19.3903 1671053917
112 18.2697 1671053917
129 22.9499 1671053917
132 25.7004 1671053917
142 25.3989 1671053917
15 15.3358 1671053947
21 16.3343 1671053947
37 19.9713 1671053947
49 19.2036 1671053947
112 18.1933 1671053947
129 23.0228 1671053947
132 25.7791 1671053947
142 25.4887 1671053947
15 15.4801 1671053977
21 16.3731 1671053977
37 20.0921 1671053977
49 19.084 1671053977
112 18.0441 1671053977
129 23.1912 1671053977
132 25.7107 1671053977
142 25.3853 1671053977
15 15.4325 1671054007
21 16.5078 1671054007
37 20.0314 1671054007
49 18.8839 1671054007
112 18.0453 1671054007
129 23.2244 1671054007
132 25.7182 1671054007
142 25.3754 1671054007
15 15.3168 1671054037
21 16.5317 1671054037
37 20.0684 1671054037
49 19.1207 1671054037
112 17.8136 1671054037
129 23.2234 1671054037
132 25.7446 1671054037
142 25.2014 1671054037
15 15.3433 1671054067
21 16.5105 1671054067
37 20.0274 1671054067
49 19.0191 1671054067
112 18.0541 1671054067
129 23.3658 1671054067
132 25.496 1671054067
142 24.9852 1671054067
15 15.5652 1671054097
21 16.6657 1671054097
37 19.8288 1671054097
49 18.7965 1671054097
112 17.8867 1671054097
129 23.5347 1671054097
132 25.4792 1671054097
142 24.892 1671054097
15 15.3537 1671054127
21 16.4902 1671054127
37 19.8954 1671054127
49 18.7613 1671054127
112 17.9136 1671054127
129 23.6259 1671054127
132 25.6322 1671054127
142 24.7935 1671054127
15 15.2929 1671054157
21 16.7367 1671054157
37 19.8519 1671054157
49 18.7586 1671054157
112 18.068 1671054157
129 23.563 1671054157
132 25.4954 1671054157
142 24.8666 1671054157
15 15.4438 1671054187
21 16.8649 1671054187
37 19.981 1671054187
49 18.7613 1671054187
112 18.1547 1671054187
129 23.4875 1671054187
132 25.658 1671054187
142 24.8661 1671054187
15 15.5305 1671054217
21 16.8114 1671054217
37 19.8457 1671054217
49 18.7522 1671054217
112 18.2522 1671054217
129 23.6224 1671054217
132 25.5235 1671054217
142 24.7582 1671054217
15 15.7622 1671054247
21 16.7033 1671054247
37 19.682 1671054247
49 18.7202 1671054247
112 18.2582 1671054247
129 23.8243 1671054247
132 25.3509 1671054247
142 24.5105 1671054247
15 15.9231 1671054277
21 16.5126 1671054277
37 19.436 1671054277
49 18.8884 1671054277
112 18.2657 1671054277
129 23.7335 1671054277
132 25.1148 1671054277
142 24.6222 1671054277
15 15.7489 1671054307
21 16.2783 1671054307
37 19.4973 1671054307
49 18.9484 1671054307
112 18.1191 1671054307
129 23.5855 1671054307
132 25.074 1671054307
142 24.4509 1671054307
15 15.6559 1671054337
21 16.0572 1671054337
37 19.5873 1671054337
49 18.8745 1671054337
112 18.3638 1671054337
129 23.5677 1671054337
132 25.1176 1671054337
142 24.5813 1671054337
15 15.8099 1671054367
21 15.8343 1671054367
37 19.7325 1671054367
49 19.0932 1671054367
112 18.3293 1671054367
129 23.4628 1671054367
132 25.0479 1671054367
142 24.3878 1671054367
15 16.0164 1671054397
21 15.8752 1671054397
37 19.6105 1671054397
49 19.1505 1671054397
112 18.2208 1671054397
129 23.624 1671054397
132 25.0462 1671054397
142 24.5884 1671054397
15 16.1784 1671054427
21 16.0761 1671054427
37 19.6339 1671054427
49 19.3246 1671054427
112 18.296 1671054427
129 23.4556 1671054427
132 25.2138 1671054427
142 24.4902 1671054427
15 16.3186 1671054457
21 15.8988 1671054457
37 19.7577 1671054457
49 19.1327 1671054457
112 18.4243 1671054457
129 23.4179 1671054457
132 25.3852 1671054457
142 24.2975 1671054457
15 16.0919 1671054487
21 16.1152 1671054487
37 19.9919 1671054487
49 19.151 1671054487
112 18.5146 1671054487
129 23.5395 1671054487
132 25.4284 1671054487
142 24.3102 1671054487
15 16.0279 1671054517
21 15.9632 1671054517
37 19.7983 1671054517
49 19.2645 1671054517
112 18.4131 1671054517
129 23.3716 1671054517
132 25.5799 1671054517
142 24.0967 1671054517
15 16.1471 1671054547
21 16.0785 1671054547
37 19.7743 1671054547
49 19.1602 1671054547
112 18.3669 1671054547
129 23.1746 1671054547
132 25.5642 1671054547
142 24.3049 1671054547
15 16.2904 1671054577
21 15.8516 1671054577
37 19.6159 1671054577
49 19.3335 1671054577
112 18.4695 1671054577
129 23.2556 1671054577
132 25.422 1671054577
142 24.1757 1671054577
15 16.1875 1671054607
21 15.8085 1671054607
37 19.6183 1671054607
49 19.3665 1671054607
112 18.6122 1671054607
129 23.179 1671054607
132 25.6703 1671054607
142 24.0864 1671054607
15 16.1819 1671054637
21 15.8716 1671054637
37 19.7584 1671054637
49 19.5132 1671054637
112 18.8088 1671054637
129 22.9419 1671054637
132 25.744 1671054637
142 24.0648 1671054637
15 16.3134 1671054667
21 16.0557 1671054667
37 19.5328 1671054667
49 19.4666 1671054667
112 18.7949 1671054667
129 23.0242 1671054667
132 25.6802 1671054667
142 24.2166 1671054667
15 16.3545 1671054697
21 15.942 1671054697
37 19.5194 1671054697
49 19.3456 1671054697
112 18.9779 1671054697
129 22.8873 1671054697
132 25.7946 1671054697
142 24.4019 1671054697
15 16.5945 1671054727
21 15.7892 1671054727
37 19.4275 1671054727
49 19.1923 1671054727
112 19.0888 1671054727
129 22.8984 1671054727
132 25.7366 1671054727
142 24.3021 1671054727
15 16.3749 1671054757
21 16.0208 1671054757
37 19.5251 1671054757
49 19.3815 1671054757
112 19.2063 1671054757
129 22.6782 1671054757
132 25.8744 1671054757
142 24.2456 1671054757
15 16.3027 1671054787
21 16.2198 1671054787
37 19.6088 1671054787
49 19.5722 1671054787
112 19.1512 1671054787
129 22.9142 1671054787
132 26.0337 1671054787
142 24.3388 1671054787
15 16.4084 1671054817
21 16.3003 1671054817
37 19.4406 1671054817
49 19.4521 1671054817
112 19.0251 1671054817
129 23.1275 1671054817
132 26.2679 1671054817
142 24.574 1671054817
15 16.4708 1671054847
21 16.3564 1671054847
37 19.6503 1671054847
49 19.296 1671054847
112 18.8605 1671054847
129 23.1275 1671054847
132 26.1606 1671054847
142 24.6927 1671054847
15 16.5189 1671054877
21 16.4442 1671054877
37 19.8099 1671054877
49 19.0465 1671054877
112 18.8964 1671054877
129 23.3225 1671054877
132 26.2137 1671054877
142 24.6719 1671054877
15 16.3211 1671054907
21 16.3881 1671054907
37 19.5652 1671054907
49 19.0034 1671054907
112 18.8603 1671054907
129 23.564 1671054907
132 26.2609 1671054907
142 24.8005 1671054907
15 16.2155 1671054937
21 16.2385 1671054937
37 19.6844 1671054937
49 19.0265 1671054937
112 18.772 1671054937
129 23.686 1671054937
132 26.1142 1671054937
142 24.9263 1671054937
15 16.0978 1671054967
21 16.4055 1671054967
37 19.4774 1671054967
49 19.1984 1671054967
112 18.6363 1671054967
129 23.7404 1671054967
132 25.9059 1671054967
142 25.1093 1671054967
15 15.9926 1671054997
21 16.3769 1671054997
37 19.5907 1671054997
49 19.4124 1671054997
112 18.4252 1671054997
129 23.5204 1671054997
132 25.8913 1671054997
142 25.1171 1671054997
15 16.0718 1671055027
21 16.4495 1671055027
37 19.5091 1671055027
49 19.6173 1671055027
112 18.401 1671055027
129 23.6982 1671055027
132 25.9102 1671055027
142 24.9714 1671055027
15 15.9707 1671055057
21 16.6962 1671055057
37 19.5327 1671055057
49 19.7267 1671055057
112 18.5753 1671055057
129 23.6659 1671055057
132 25.8523 1671055057
142 25.1058 1671055057
15 15.9792 1671055087
21 16.597 1671055087
37 19.3693 1671055087
49 19.7615 1671055087
112 18.3624 1671055087
129 23.8555 1671055087
132 25.9021 1671055087
142 25.1464 1671055087
15 15.8619 1671055117
21 16.5293 1671055117
37 19.6182 1671055117
49 19.8883 1671055117
112 18.2505 1671055117
129 23.8145 1671055117
132 26.1366 1671055117
142 25.3912 1671055117
15 15.8895 1671055147
21 16.7669 1671055147
37 19.6508 1671055147
49 19.9299 1671055147
112 18.0046 1671055147
129 24.0162 1671055147
132 26.2912 1671055147
142 25.2595 1671055147
15 15.8427 1671055177
21 16.9365 1671055177
37 19.5429 1671055177
49 19.9034 1671055177
112 18.011 1671055177
129 24.18 1671055177
132 26.2723 1671055177
142 25.3188 1671055177
15 15.9894 1671055207
21 17.1508 1671055207
37 19.6085 1671055207
49 19.9694 1671055207
112 17.8077 1671055207
129 24.1629 1671055207
132 26.3587 1671055207
142 25.5016 1671055207
15 16.0353 1671055237
21 16.9267 1671055237
37 19.5628 1671055237
49 20.101 1671055237
112 17.5789 1671055237
129 24.1363 1671055237
132 26.5765 1671055237
142 25.2939 1671055237
15 16.0067 1671055267
21 17.1479 1671055267
37 19.7171 1671055267
49 20.0869 1671055267
112 17.3866 1671055267
129 24.1918 1671055267
132 26.5283 1671055267
142 25.0514 1671055267
15 16.1575 1671055297
21 17.376 1671055297
37 19.7255 1671055297
49 19.9179 1671055297
112 17.5981 1671055297
129 24.0947 1671055297
132 26.5934 1671055297
142 25.1699 1671055297
15 15.9856 1671055327
21 17.4023 1671055327
37 19.5687 1671055327
49 19.9491 1671055327
112 17.8279 1671055327
129 24.0368 1671055327
132 26.4573 1671055327
142 25.1392 1671055327
15 16.0172 1671055357
21 17.1994 1671055357
37 19.5306 1671055357
49 19.7406 1671055357
112 17.6733 1671055357
129 23.803 1671055357
132 26.4678 1671055357
142 25.0436 1671055357
15 15.8651 1671055387
21 17.0187 1671055387
37 19.6967 1671055387
49 19.9209 1671055387
112 17.5541 1671055387
129 23.6622 1671055387
132 26.4182 1671055387
142 24.8656 1671055387
15 15.8888 1671055417
21 16.93 1671055417
37 19.8298 1671055417
49 20.0639 1671055417
112 17.5121 1671055417
129 23.907 1671055417
132 26.6102 1671055417
142 25.0118 1671055417
15 15.7976 1671055447
21 16.7507 1671055447
37 19.6791 1671055447
49 20.1761 1671055447
112 17.3493 1671055447
129 23.6899 1671055447
132 26.5259 1671055447
142 24.826 1671055447
15 15.9247 1671055477
21 16.7048 1671055477
37 19.6745 1671055477
49 20.2333 1671055477
112 17.4206 1671055477
129 23.5277 1671055477
132 26.7187 1671055477
142 25.0039 1671055477
15 15.8871 1671055507
21 16.9309 1671055507
37 19.8924 1671055507
49 20.0408 1671055507
112 17.2246 1671055507
129 23.4627 1671055507
132 26.6947 1671055507
142 24.7889 1671055507
15 16.1159 1671055537
21 16.7578 1671055537
37 19.9621 1671055537
49 20.2894 1671055537
112 17.0788 1671055537
129 23.2647 1671055537
132 26.6755 1671055537
142 24.6279 1671055537
